600 200
600 200
600 200|0|0||arrow
600 200
600 200
600 200
600 200
600 200
600 200
600 200
600 200
600 200
600 200
600 200
600 200
600 200
600 200
600 200
600 200
600 200
600 200
600 200
600 200
600 200
600 200
600 200
600 200
600 200
600 200
600 200
600 200
600 200
600 200
600 200
600 200
600 200
600 200
600 200
600 200
600 200
600 200
600 200
600 200
600 200
600 200
600 200
600 200
600 200
600 200
600 200|20|0||hit
600 200
600 200
600 200
600 200
600 200
600 200
600 200
600 200
600 200
600 200
600 200
600 200
600 200
600 200
600 200
600 200
600 200
600 200
600 200
600 200
