600 202
595 196
590 191
585 185
580 180
575 175
570 170
565 165
560 161
555 156
550 152
545 147
540 143
535 139
530 135
525 131
520 128
515 124
510 121
505 117
500 114
495 111
490 108
485 105
480 103
475 100
470 98
465 95
460 93
455 91
450 89
445 87
440 86
435 84
430 83
425 81
420 80
415 79
410 78
405 77
400 77
395 76
390 76
385 75
380 75
375 75
370 75
365 75
360 76
355 76
350 77
345 77
340 78
335 79
330 80
325 81
320 83
315 84
310 86
305 87
300 89
295 91
290 93
285 95
280 98
275 100
270 103
265 105
260 108
255 111
250 114
245 117
240 121
235 124
230 128
225 131
220 135
215 139
210 143
205 147
200 152
195 156
190 161
185 165
180 170
175 175
170 180
165 185
160 191
155 196
150 200|10|0||hit
150 200
160 200
170 200
180 200
190 200
200 200
210 200
220 200
230 200
240 200
250 200
260 200
270 200
280 200
290 200
300 200
310 200
320 200
330 200
340 200
350 200
360 200
370 200
380 200
390 200
400 200
410 200
420 200
430 200
440 200
450 200
460 200
470 200
480 200
490 200
500 200
510 200
520 200
530 200
540 200
550 200
560 200
570 200
580 200
590 200
