150.0 200
161.66666666666666 200
173.33333333333334 200
185.0 200
196.66666666666666 200
208.33333333333331 200
220.0 200
231.66666666666666 200
243.33333333333331 200
255.0 200
266.66666666666663 200
278.3333333333333 200
290.0 200
301.66666666666663 200
313.3333333333333 200
325.0 200
336.66666666666663 200
348.3333333333333 200
360.0 200
371.66666666666663 200
383.3333333333333 200
395.0 200
406.66666666666663 200
418.3333333333333 200
430.0 200
441.66666666666663 200
453.3333333333333 200
465.0 200
476.66666666666663 200
488.3333333333333 200
500 200
500 200
500 200
500 200
500 200
500 200
500 200
500 200
500 200
500 200
500 200
500 200
500 200
500 200
500 200
500 200
500 200
500 200
500 200
500 200
500 200|0|0|mocking
500 200|0|0|mocking
500 200|0|0|mocking
500 200|0|0|mocking
500 200|0|0|mocking
500 200|0|0|mocking
500 200|0|0|mocking
500 200|0|0|mocking
500 200|0|0|mocking
500 200|0|0|mocking
500 200|0|0|mocking
500 200|0|0|mocking
500 200|0|0|mocking
500 200|0|0|mocking
500 200|0|0|mocking
500 200|0|0|mocking
500 200|0|0|mocking
500 200|0|0|mocking
500 200|0|0|mocking
500 200|0|0|mocking
500 200|0|0|mocking
500 200|0|0|mocking
500 200|0|0|mocking
500 200|0|0|mocking
500 200|0|0|mocking
500 200|0|0|mocking
500 200|0|0|mocking
500 200|0|0|mocking
500 200|0|0|mocking
500 200|0|0|mocking
500 200|0|0|mocking
500 200|0|0|mocking
500 200|0|0|mocking
500 200|0|0|mocking
500 200|0|0|mocking
500 200|0|0|mocking
500 200|0|0|mocking
500 200|0|0|mocking
500 200|0|0|mocking
500 200|0|0|mocking
500 200|0|0|mocking
500 200|0|0|mocking
500 200|0|0|mocking
500 200|0|0|mocking
500 200|0|0|mocking
500 200|0|0|mocking
500 200|0|0|mocking
500 200|0|0|mocking
500 200|0|0|mocking
500 200|0|0|mocking
500 200
478 200
456 200
434 200
412 200
390 200
368 200
346 200
324 200
302 200
280 200
258 200
236 200
214 200
192 200
170 200
148 200
126 200
104 200
82 200
60 200
38 200
16 200
-6 200
-28 200
-50 200
-72 200
-94 200
-116 200
-138 200
