150 200
150 200
150 200|0|0||tnt
150 200
150 200
150 200
150 200
150 200
150 200
150 200
150 200
150 200
150 200
150 200
150 200
150 200
150 200
150 200
150 200
150 200
150 200
150 200
150 200
150 200
150 200
150 200
150 200
150 200
150 200
150 200
150 200
150 200
150 200
150 200
150 200
150 200
150 200
150 200
150 200
150 200
150 200
150 200
150 200
150 200
150 200
150 200
150 200
150 200
150 200
150 200
150 200
150 200
150 200
150 200
150 200
150 200
150 200
150 200
150 200
150 200
150 200
150 200
150 200
150 200
150 200
150 200
150 200
150 200
150 200
150 200
150 200
150 200
150 200
150 200
150 200
150 200
150 200
150 200
150 200
150 200
150 200
150 200
150 200
150 200
150 200
150 200
150 200
150 200
150 200
150 200
150 200
150 200
150 200
150 200
150 200
150 200
150 200
150 200
150 200
150 200|20|0||explosion hit
150 200
150 200
150 200
150 200
150 200
150 200
150 200
150 200
150 200
150 200
150 200
150 200
150 200
150 200
150 200
150 200
150 200
150 200
150 200
150 200
150 200
150 200
150 200
150 200
150 200
150 200
150 200
150 200
150 200
150 200
150 200
150 200
150 200
150 200
150 200
150 200
150 200
150 200
150 200
150 200
150 200
150 200
150 200
150 200
150 200
150 200
150 200
150 200
150 200
150 200
