150.0 200
195.0 200
240.0 200
285.0 200
330.0 200
375.0 200
420.0 200
465.0 200
510.0 200
555.0 200
600 200
600 200
600 200
600 200
600 200
600 200
600 200
600 200
600 200
600 200
600.0 200.0 600.0 200.0 600.0 200.0 600.0 200.0|0|0|clone_tech|zeus
590.0 190.0 610.0 190.0 590.0 210.0 610.0 210.0|0|0|clone_tech|zeus
580.0 180.0 620.0 180.0 580.0 220.0 620.0 220.0|0|0|clone_tech|zeus
570.0 170.0 630.0 170.0 570.0 230.0 630.0 230.0|0|0|clone_tech|zeus
560.0 160.0 640.0 160.0 560.0 240.0 640.0 240.0|0|0|clone_tech|zeus
550.0 150.0 650.0 150.0 550.0 250.0 650.0 250.0|0|0|clone_tech|zeus
540.0 140.0 660.0 140.0 540.0 260.0 660.0 260.0|0|0|clone_tech|zeus
530.0 130.0 670.0 130.0 530.0 270.0 670.0 270.0|0|0|clone_tech|zeus
520.0 120.0 680.0 120.0 520.0 280.0 680.0 280.0|0|0|clone_tech|zeus
510.0 110.0 690.0 110.0 510.0 290.0 690.0 290.0|0|0|clone_tech|zeus
500 100 700 100 500 300 700 300|60|0||zeus
500.0 100.0 700.0 100.0 500.0 300.0 700.0 300.0|0|0|clone_tech
501.1111111111111 101.11111111111111 698.8888888888889 101.11111111111111 501.1111111111111 298.8888888888889 698.8888888888889 298.8888888888889|0|0|clone_tech
504.44444444444446 104.44444444444444 695.5555555555555 104.44444444444444 504.44444444444446 295.55555555555554 695.5555555555555 295.55555555555554|0|0|clone_tech
510.0 110.0 690.0 110.0 510.0 290.0 690.0 290.0|0|0|clone_tech
517.7777777777778 117.77777777777777 682.2222222222222 117.77777777777777 517.7777777777778 282.22222222222223 682.2222222222222 282.22222222222223|0|0|clone_tech
527.7777777777778 127.77777777777777 672.2222222222222 127.77777777777777 527.7777777777778 272.22222222222223 672.2222222222222 272.22222222222223|0|0|clone_tech
540.0 140.0 660.0 140.0 540.0 260.0 660.0 260.0|0|0|clone_tech
554.4444444444445 154.44444444444446 645.5555555555555 154.44444444444446 554.4444444444445 245.55555555555554 645.5555555555555 245.55555555555554|0|0|clone_tech
571.1111111111111 171.11111111111111 628.8888888888889 171.11111111111111 571.1111111111111 228.88888888888889 628.8888888888889 228.88888888888889|0|0|clone_tech
590.0 190.0 610.0 190.0 590.0 210.0 610.0 210.0|0|0|clone_tech
611.1111111111111 211.1111111111111 588.8888888888889 211.1111111111111 611.1111111111111 188.8888888888889 588.8888888888889 188.8888888888889|0|0|clone_tech
634.4444444444445 234.44444444444446 565.5555555555555 234.44444444444446 634.4444444444445 165.55555555555554 565.5555555555555 165.55555555555554|0|0|clone_tech
660.0 260.0 540.0 260.0 660.0 139.99999999999997 540.0 139.99999999999997|0|0|clone_tech
687.7777777777778 287.7777777777778 512.2222222222222 287.7777777777778 687.7777777777778 112.2222222222222 512.2222222222222 112.2222222222222|0|0|clone_tech
717.7777777777778 317.7777777777778 482.2222222222222 317.7777777777778 717.7777777777778 82.22222222222217 482.2222222222222 82.22222222222217|0|0|clone_tech
750.0 350.00000000000006 449.99999999999994 350.00000000000006 750.0 49.99999999999994 449.99999999999994 49.99999999999994|0|0|clone_tech
784.4444444444445 384.44444444444446 415.55555555555554 384.44444444444446 784.4444444444445 15.555555555555543 415.55555555555554 15.555555555555543|0|0|clone_tech
821.1111111111111 421.11111111111114 378.88888888888886 421.11111111111114 821.1111111111111 -21.111111111111143 378.88888888888886 -21.111111111111143|0|0|clone_tech
860.0 460.0 340.0 460.0 860.0 -60.0 340.0 -60.0|0|0|clone_tech
901.1111111111111 501.1111111111111 298.8888888888889 501.1111111111111 901.1111111111111 -101.11111111111109 298.8888888888889 -101.11111111111109|0|0|clone_tech
944.4444444444443 544.4444444444443 255.5555555555556 544.4444444444443 944.4444444444443 -144.4444444444444 255.5555555555556 -144.4444444444444|0|0|clone_tech
990.0000000000001 590.0000000000001 209.9999999999999 590.0000000000001 990.0000000000001 -190.0000000000001 209.9999999999999 -190.0000000000001|0|0|clone_tech
1037.7777777777778 637.7777777777778 162.22222222222217 637.7777777777778 1037.7777777777778 -237.77777777777783 162.22222222222217 -237.77777777777783|0|0|clone_tech
1087.7777777777778 687.7777777777778 112.22222222222217 687.7777777777778 1087.7777777777778 -287.7777777777778 112.22222222222217 -287.7777777777778|0|0|clone_tech
1140.0 740.0000000000001 59.999999999999886 740.0000000000001 1140.0 -340.0000000000001 59.999999999999886 -340.0000000000001|0|0|clone_tech
1194.4444444444443 794.4444444444445 5.555555555555543 794.4444444444445 1194.4444444444443 -394.44444444444446 5.555555555555543 -394.44444444444446|0|0|clone_tech
1251.1111111111113 851.1111111111112 -51.1111111111112 851.1111111111112 1251.1111111111113 -451.1111111111112 -51.1111111111112 -451.1111111111112|0|0|clone_tech
1310.0 910.0 -110.0 910.0 1310.0 -510.0 -110.0 -510.0|0|0|clone_tech
1371.1111111111113 971.1111111111113 -171.1111111111113 971.1111111111113 1371.1111111111113 -571.1111111111113 -171.1111111111113 -571.1111111111113|0|0|clone_tech
1434.4444444444448 1034.4444444444448 -234.44444444444468 1034.4444444444448 1434.4444444444448 -634.4444444444447 -234.44444444444468 -634.4444444444447|0|0|clone_tech
1500.0000000000002 1100.0000000000002 -300.0000000000002 1100.0000000000002 1500.0000000000002 -700.0000000000002 -300.0000000000002 -700.0000000000002|0|0|clone_tech
1567.7777777777778 1167.7777777777778 -367.7777777777778 1167.7777777777778 1567.7777777777778 -767.7777777777778 -367.7777777777778 -767.7777777777778|0|0|clone_tech
1637.7777777777778 1237.7777777777778 -437.7777777777778 1237.7777777777778 1637.7777777777778 -837.7777777777778 -437.7777777777778 -837.7777777777778|0|0|clone_tech
1710.0000000000002 1310.0000000000002 -510.0000000000002 1310.0000000000002 1710.0000000000002 -910.0000000000002 -510.0000000000002 -910.0000000000002|0|0|clone_tech
1784.4444444444446 1384.4444444444446 -584.4444444444446 1384.4444444444446 1784.4444444444446 -984.4444444444446 -584.4444444444446 -984.4444444444446|0|0|clone_tech
1861.111111111111 1461.111111111111 -661.1111111111111 1461.111111111111 1861.111111111111 -1061.111111111111 -661.1111111111111 -1061.111111111111|0|0|clone_tech
1940.0 1540.0 -740.0 1540.0 1940.0 -1140.0 -740.0 -1140.0|0|0|clone_tech
2021.111111111111 1621.111111111111 -821.1111111111111 1621.111111111111 2021.111111111111 -1221.111111111111 -821.1111111111111 -1221.111111111111|0|0|clone_tech
2104.4444444444443 1704.4444444444443 -904.4444444444443 1704.4444444444443 2104.4444444444443 -1304.4444444444443 -904.4444444444443 -1304.4444444444443|0|0|clone_tech
2190.0 1790.0 -990.0 1790.0 2190.0 -1390.0 -990.0 -1390.0|0|0|clone_tech
2277.7777777777774 1877.7777777777776 -1077.7777777777776 1877.7777777777776 2277.7777777777774 -1477.7777777777776 -1077.7777777777776 -1477.7777777777776|0|0|clone_tech
2367.7777777777783 1967.7777777777783 -1167.7777777777783 1967.7777777777783 2367.7777777777783 -1567.7777777777783 -1167.7777777777783 -1567.7777777777783|0|0|clone_tech
2460.0000000000005 2060.0000000000005 -1260.0000000000005 2060.0000000000005 2460.0000000000005 -1660.0000000000005 -1260.0000000000005 -1660.0000000000005|0|0|clone_tech
2554.444444444445 2154.444444444445 -1354.4444444444448 2154.444444444445 2554.444444444445 -1754.4444444444448 -1354.4444444444448 -1754.4444444444448|0|0|clone_tech
2651.1111111111113 2251.1111111111113 -1451.1111111111113 2251.1111111111113 2651.1111111111113 -1851.1111111111113 -1451.1111111111113 -1851.1111111111113|0|0|clone_tech
2750.0000000000005 2350.0000000000005 -1550.0000000000005 2350.0000000000005 2750.0000000000005 -1950.0000000000005 -1550.0000000000005 -1950.0000000000005|0|0|clone_tech
2851.1111111111113 2451.1111111111113 -1651.1111111111113 2451.1111111111113 2851.1111111111113 -2051.1111111111113 -1651.1111111111113 -2051.1111111111113|0|0|clone_tech
2954.444444444445 2554.444444444445 -1754.4444444444448 2554.444444444445 2954.444444444445 -2154.444444444445 -1754.4444444444448 -2154.444444444445|0|0|clone_tech
3060.0000000000005 2660.0000000000005 -1860.0000000000005 2660.0000000000005 3060.0000000000005 -2260.0000000000005 -1860.0000000000005 -2260.0000000000005|0|0|clone_tech
3167.7777777777783 2767.7777777777783 -1967.7777777777783 2767.7777777777783 3167.7777777777783 -2367.7777777777783 -1967.7777777777783 -2367.7777777777783|0|0|clone_tech
3277.777777777778 2877.777777777778 -2077.777777777778 2877.777777777778 3277.777777777778 -2477.777777777778 -2077.777777777778 -2477.777777777778|0|0|clone_tech
3390.0 2990.0 -2190.0 2990.0 3390.0 -2590.0 -2190.0 -2590.0|0|0|clone_tech
3504.444444444445 3104.444444444445 -2304.444444444445 3104.444444444445 3504.444444444445 -2704.444444444445 -2304.444444444445 -2704.444444444445|0|0|clone_tech
3621.1111111111113 3221.1111111111113 -2421.1111111111113 3221.1111111111113 3621.1111111111113 -2821.1111111111113 -2421.1111111111113 -2821.1111111111113|0|0|clone_tech
3740.0 3340.0 -2540.0 3340.0 3740.0 -2940.0 -2540.0 -2940.0|0|0|clone_tech
3861.1111111111113 3461.1111111111113 -2661.1111111111113 3461.1111111111113 3861.1111111111113 -3061.1111111111113 -2661.1111111111113 -3061.1111111111113|0|0|clone_tech
3984.4444444444453 3584.4444444444453 -2784.4444444444453 3584.4444444444453 3984.4444444444453 -3184.4444444444453 -2784.4444444444453 -3184.4444444444453|0|0|clone_tech
4110.000000000001 3710.000000000001 -2910.000000000001 3710.000000000001 4110.000000000001 -3310.000000000001 -2910.000000000001 -3310.000000000001|0|0|clone_tech
4237.777777777779 3837.7777777777787 -3037.7777777777787 3837.7777777777787 4237.777777777779 -3437.7777777777787 -3037.7777777777787 -3437.7777777777787|0|0|clone_tech
4367.777777777779 3967.7777777777787 -3167.7777777777787 3967.7777777777787 4367.777777777779 -3567.7777777777787 -3167.7777777777787 -3567.7777777777787|0|0|clone_tech
4500.000000000001 4100.000000000001 -3300.000000000001 4100.000000000001 4500.000000000001 -3700.000000000001 -3300.000000000001 -3700.000000000001|0|0|clone_tech
4634.444444444444 4234.444444444444 -3434.4444444444443 4234.444444444444 4634.444444444444 -3834.4444444444443 -3434.4444444444443 -3834.4444444444443|0|0|clone_tech
4771.111111111111 4371.111111111111 -3571.1111111111113 4371.111111111111 4771.111111111111 -3971.1111111111113 -3571.1111111111113 -3971.1111111111113|0|0|clone_tech
4910.0 4510.0 -3710.0 4510.0 4910.0 -4110.0 -3710.0 -4110.0|0|0|clone_tech
5051.111111111111 4651.111111111111 -3851.1111111111113 4651.111111111111 5051.111111111111 -4251.111111111111 -3851.1111111111113 -4251.111111111111|0|0|clone_tech
5194.444444444446 4794.444444444446 -3994.444444444446 4794.444444444446 5194.444444444446 -4394.444444444446 -3994.444444444446 -4394.444444444446|0|0|clone_tech
5340.000000000001 4940.000000000001 -4140.000000000001 4940.000000000001 5340.000000000001 -4540.000000000001 -4140.000000000001 -4540.000000000001|0|0|clone_tech
5487.777777777779 5087.777777777779 -4287.777777777779 5087.777777777779 5487.777777777779 -4687.777777777779 -4287.777777777779 -4687.777777777779|0|0|clone_tech
5637.777777777778 5237.777777777778 -4437.777777777778 5237.777777777778 5637.777777777778 -4837.777777777778 -4437.777777777778 -4837.777777777778|0|0|clone_tech
5790.000000000001 5390.000000000001 -4590.000000000001 5390.000000000001 5790.000000000001 -4990.000000000001 -4590.000000000001 -4990.000000000001|0|0|clone_tech
5944.444444444444 5544.444444444444 -4744.444444444444 5544.444444444444 5944.444444444444 -5144.444444444444 -4744.444444444444 -5144.444444444444|0|0|clone_tech
6101.111111111112 5701.111111111112 -4901.111111111112 5701.111111111112 6101.111111111112 -5301.111111111112 -4901.111111111112 -5301.111111111112|0|0|clone_tech
6260.0 5860.0 -5060.0 5860.0 6260.0 -5460.0 -5060.0 -5460.0|0|0|clone_tech
6421.111111111112 6021.111111111112 -5221.111111111112 6021.111111111112 6421.111111111112 -5621.111111111112 -5221.111111111112 -5621.111111111112|0|0|clone_tech
6584.444444444444 6184.444444444444 -5384.444444444444 6184.444444444444 6584.444444444444 -5784.444444444444 -5384.444444444444 -5784.444444444444|0|0|clone_tech
6750.000000000001 6350.000000000001 -5550.000000000001 6350.000000000001 6750.000000000001 -5950.000000000001 -5550.000000000001 -5950.000000000001|0|0|clone_tech
6917.777777777777 6517.777777777777 -5717.777777777777 6517.777777777777 6917.777777777777 -6117.777777777777 -5717.777777777777 -6117.777777777777|0|0|clone_tech
7087.777777777779 6687.777777777779 -5887.777777777779 6687.777777777779 7087.777777777779 -6287.777777777779 -5887.777777777779 -6287.777777777779|0|0|clone_tech
7260.0 6860.0 -6060.0 6860.0 7260.0 -6460.0 -6060.0 -6460.0|0|0|clone_tech
7434.444444444445 7034.444444444445 -6234.444444444445 7034.444444444445 7434.444444444445 -6634.444444444445 -6234.444444444445 -6634.444444444445|0|0|clone_tech
7611.11111111111 7211.11111111111 -6411.11111111111 7211.11111111111 7611.11111111111 -6811.11111111111 -6411.11111111111 -6811.11111111111|0|0|clone_tech
7790.000000000001 7390.000000000001 -6590.000000000001 7390.000000000001 7790.000000000001 -6990.000000000001 -6590.000000000001 -6990.000000000001|0|0|clone_tech
7971.111111111113 7571.111111111113 -6771.111111111113 7571.111111111113 7971.111111111113 -7171.111111111113 -6771.111111111113 -7171.111111111113|0|0|clone_tech
8154.444444444445 7754.444444444445 -6954.444444444445 7754.444444444445 8154.444444444445 -7354.444444444445 -6954.444444444445 -7354.444444444445|0|0|clone_tech
8340.000000000002 7940.000000000002 -7140.000000000002 7940.000000000002 8340.000000000002 -7540.000000000002 -7140.000000000002 -7540.000000000002|0|0|clone_tech
8527.777777777777 8127.777777777778 -7327.777777777778 8127.777777777778 8527.777777777777 -7727.777777777778 -7327.777777777778 -7727.777777777778|0|0|clone_tech
8717.77777777778 8317.77777777778 -7517.777777777779 8317.77777777778 8717.77777777778 -7917.777777777779 -7517.777777777779 -7917.777777777779|0|0|clone_tech
8910.0 8510.0 -7710.0 8510.0 8910.0 -8110.0 -7710.0 -8110.0|0|0|clone_tech
9104.444444444445 8704.444444444445 -7904.444444444445 8704.444444444445 9104.444444444445 -8304.444444444445 -7904.444444444445 -8304.444444444445|0|0|clone_tech
9301.111111111111 8901.111111111111 -8101.111111111111 8901.111111111111 9301.111111111111 -8501.111111111111 -8101.111111111111 -8501.111111111111|0|0|clone_tech
600.0 200
588.75 200
577.5 200
566.25 200
555.0 200
543.75 200
532.5 200
521.25 200
510.0 200
498.75 200
487.5 200
476.25 200
465.0 200
453.75 200
442.5 200
431.25 200
420.0 200
408.75 200
397.5 200
386.25 200
375.0 200
363.75 200
352.5 200
341.25 200
330.0 200
318.75 200
307.5 200
296.25 200
285.0 200
273.75 200
262.5 200
251.25 200
240.0 200
228.75 200
217.5 200
206.25 200
195.0 200
183.75 200
172.5 200
161.25 200
